0
900
1800
2700
3500
4000
1000
-2000
-5000
-8000
-11000
-14000
-17000
-16000
-15000
-14000
-13100
-12200
-11300
-10400
-9500
-8600
-7700
-6900
-6400
-5900
-5400
-4900
-7900
-10900
-9900
-8900
-8000
-7100
-6300
-5500
-4700
-3900
-3400
-2900
-2400
-1900
-4900
-7900
-10900
-13900
-16900
-19900
-22900
-25900
-24900
-24000
-23200
-22700
-22200
-21700
-24700
-27700
-30700
-33700
-36700
-39700
-42700
-41700
-40700
-39800
-40800
-41800
-42800
-43800
-44800
-45800
-46800
-47800
-48800
-49800
-48800
-47900
-47000
-46200
-45700
-45200
-44700
-44200
-43700
-43200
-42700
-42200
-41700
-44700
-47700
-50700
-53700
-56700
-55700
-54800
-53900
-53100
-52300
-51500
-51000
-50500
-53500
-56500
-59500
-62500
-65500
-64500
-63500
-62500
-61600
-60800
-60000
-59500
-59000
-62000
-61000
-60100
-59200
-58300
-57500
-56700
-56200
-59200
-58200
-57300
-56500
-56000
-59000
-58000
-57000
-56000
-55000
-54100
-53300
-52500
-51700
-51200
-54200
-57200
-56200
-55200
-54200
-53200
-52300
-51400
-50500
-49700
-48900
-48100
-47600
-47100
-50100
-53100
-56100
-55100
-54100
-53100
-52200
-51400
-50600
-50100
-49600
-49100
-48600
-48100
-51100
-54100
-57100
-60100
-63100
-62100
-61200
-60300
-59400
-58600
-58100
-57600
-57100
-56600
-59600
-62600
-61600
-60700
-59800
-58900
-58000
-57100
-56300
-55800
-58800
-57800
-56900
-56000
-55100
-54200
-53300
-52400
-51600
-51100
-54100
-53100
-52100
-51100
-52100
-53100
-54100
-53100
-52100
-51100
-50200
-49300
-48400
-47600
-46800
-46000
-45200
-44400
-43600
-42800
-42000
-41200
-40400
-39600
-39100
-42100
-41100
-40200
-39300
-38400
-37500
-36700
-35900
-35400
-34900
-34400
-33900
-36900
-39900
-38900
-38000
-37100
-36200
-35400
-34900
-37900
-40900
-39900
-39000
-38100
-37300
-36500
-35700
-34900
-34100
-33600
-33100
-36100
-35100
-34100
-33100
-32100
-31100
-30100
-29200
-28300
-27400
-26600
-26100
-29100
-32100
-35100
-38100
-41100
-44100
-47100
-50100
-53100
-52100
-51200
-52200
-53200
-54200
-55200
-56200
-57200
-58200
-59200
-60200
-61200
-62200
-61200
-60200
-59300
-58400
-57500
-56600
-55800
-55000
-54200
-53700
-53200
-52700
-52200
-51700
-51200
-50700
-50200
-49700
-49200
-52200
-55200
-54200
-53200
-52200
-51200
-50300
-49400
-48500
-47700
-46900
-46400
-49400
-48400
-47400
-46500
-45600
-44700
-43900
-43100
-42300
-41500
-40700
-41700
-42700
-43700
-44700
-45700
-46700
-45700
-44800
-43900
-43000
-42100
-41200
-40400
-39600
-38800
-38000
-37200
-36700
-36200
-37200
-38200
-39200
-38200
-37200
-36200
-35200
-34200
-33200
-32200
-31200
-30300
-29500
-28700
-27900
-27100
-26600
-26100
-29100
-32100
-31100
-30100
-29100
-28100
-27100
-26100
-25100
-24200
-23400
-22900
-22400
-21900
-24900
-27900
-26900
-26000
-25200
-24700
-24200
-23700
-23200
-22700
-22200
-21700
-21200
-20700
-23700
-26700
-25700
-24700
-23700
-22800
-22000
-21500
-21000
-24000
-23000
-22000
-21100
-20200
-19300
-18400
-17600
-16800
-16000
-15200
-14400
-13900
-13400
-12900
-13900
-14900
-15900
-14900
-14000
-13100
-12300
-13300
-14300
-15300
-16300
-17300
-16300
-15300
-14300
-13300
-12300
-11300
-10400
-9500
-8600
-7700
-6800
-5900
-5000
-4100
-3300
-2800
-2300
-1800
-4800
-3800
-2900
-2000
-1200
-700
-3700
-6700
-9700
-8700
-7800
-6900
-6100
-5600
-5100
-4600
-4100
-3600
-6600
-9600
-12600
-15600
-18600
-21600
-20600
-19600
-18600
-17600
-16600
-15700
-14800
-13900
-13100
-12300
-11500
-10700
-10200
-9700
-9200
-8700
-8200
-7700
-7200
-6700
-6200
-5700
-5200
-4700
-4200
-3700
-3200
-6200
-5200
-4200
-3200
-2200
-1300
-500
300
1100
1900
2700
3200
3700
4200
4700
1700
2700
3700
4700
5700
6700
7700
8700
9700
10700
11700
12700
13700
14600
15500
16400
17300
18100
18600
15600
12600
9600
6600
7600
8500
9300
10100
10900
11700
12500
13300
13800
14300
14800
15300
15800
16300
16800
17300
17800
14800
11800
8800
5800
2800
3800
4800
5800
6800
7800
8700
9600
10500
11400
12300
13100
13900
14400
14900
11900
8900
9900
10900
11900
12900
13900
14900
15800
16700
17600
18500
19400
20200
21000
21500
22000
19000
16000
13000
10000
7000
4000
1000
2000
3000
4000
4900
5800
6700
7600
8500
9400
10300
11200
12100
12900
13700
14500
15000
12000
13000
14000
15000
16000
17000
17900
18700
19500
20300
21100
21900
22400
22900
19900
16900
17900
18900
19800
20700
21600
22500
23400
24200
25000
25800
26600
27100
27600
28100
25100
26100
27100
28100
29000
29800
30600
31100
31600
32100
32600
29600
26600
23600
20600
17600
14600
11600
8600
5600
2600
-400
-3400
-6400
-9400
-12400
-15400
-18400
-21400
-24400
-27400
-30400
-33400
-36400
-39400
-42400
-45400
-48400
-51400
-54400
-57400
-60400
-63400
-66400
-69400
-72400
-75400
-78400
-77400
-76400
-75400
-74400
-73400
-72400
-71400
-70400
-69400
-68500
-67700
-67200
-68200
-69200
-70200
-71200
-72200
-73200
-74200
-75200
-76200
-77200
-78200
-79200
-80200
-79200
-78200
-77200
-76300
-75400
-74500
-73700
-72900
-72400
-71900
-74900
-77900
-80900
-83900
-82900
-81900
-80900
-79900
-78900
-77900
-76900
-75900
-74900
-73900
-72900
-71900
-70900
-70000
-69100
-68200
-67300
-66400
-65500
-64600
-63700
-62800
-62000
-61200
-60400
-59600
-58800
-58300
-61300
-64300
-67300
-70300
-69300
-68300
-67400
-66600
-65800
-65000
-66000
-67000
-68000
-69000
-70000
-71000
-72000
-73000
-74000
-75000
-76000
-77000
-78000
-79000
-80000
-81000
-82000
-83000
-84000
-85000
-84000
-83000
-82100
-81300
-80800
-83800
-86800
-89800
-88800
-87800
-86800
-85800
-84900
-84000
-83200
-82400
-81600
-81100
-80600
-83600
-86600
-89600
-92600
-95600
-98600
-97600
-96600
-95600
-94600
-93600
-92600
-91600
-90600
-89600
-88700
-87800
-88800
-89800
-90800
-89800
-88900
-88000
-87200
-86400
-85600
-84800
-84300
-87300
-90300
-93300
-96300
-99300
-102300
-105300
-108300
-111300
-114300
-113300
-112300
-111300
-110300
-109300
-108400
-107600
-106800
-106000
-105500
-105000
-104500
-104000
-107000
-110000
-113000
-116000
-119000
-122000
-125000
-128000
-127000
-126000
-125000
-124000
-123100
-122300
-121500
-120700
-119900
-119100
-118600
-121600
-124600
-123600
-122700
-121900
-121100
-120300
-119800
-119300
-122300
-125300
-124300
-123300
-122400
-121500
-120600
-119700
-118800
-117900
-117100
-118100
-119100
-120100
-121100
-122100
-121100
-120200
-119400
-118900
-121900
-124900
-123900
-122900
-122000
-121100
-120300
-119800
-119300
-118800
-118300
-117800
-120800
-123800
-122800
-121800
-120900
-120000
-119100
-118300
-117500
-117000
-116500
-116000
-119000
-122000
-125000
-128000
-127000
-126000
-125000
-124100
-123300
-122500
-121700
-120900
-120100
-119300
-118500
-118000
-117500
-117000
-116500
-116000
-117000
-118000
-119000
-120000
-121000
-122000
-123000
-124000
-125000
-126000
-127000
-128000
-129000
-130000
-131000
-132000
-133000
-134000
-135000
-136000
-137000
-138000
-139000
-140000
-141000
-140000
-139000
-138100
-137200
-136300
-135400
-134500
-133600
-132700
-131900
-131400
-130900
-133900
-132900
-131900
-131000
-130100
-129300
-128500
-128000
-127500
-127000
-130000
-133000
-132000
-131000
-130000
-129100
-128200
-127400
-126600
-125800
-125300
-124800
-124300
-123800
-123300
-126300
-125300
-124300
-123300
-122400
-121500
-120600
-119700
-118800
-117900
-117100
-116300
-115500
-114700
-113900
-113100
-112300
-111800
-111300
-110800
-110300
-109800
-109300
-112300
-115300
-114300
-113400
-112500
-111600
-110800
-110000
-109200
-108700
-111700
-114700
-113700
-112700
-111700
-110700
-109800
-108900
-108000
-107100
-106300
-105800
-105300
-104800
-107800
-110800
-113800
-112800
-111800
-110800
-109800
-108900
-108100
-107600
-110600
-113600
-116600
-119600
-118600
-117600
-116600
-115600
-114600
-113600
-112700
-111800
-111000
-110200
-109400
-108600
-107800
-107300
-106800
-109800
-112800
-111800
-110800
-109800
-108800
-107900
-107100
-106600
-109600
-108600
-107600
-106600
-105700
-104800
-104000
-103500
-103000
-102500
-102000
-105000
-108000
-107000
-106000
-105100
-104200
-103300
-102500
-102000
-101500
-101000
-100500
-100000
-103000
-106000
-105000
-104100
-103200
-102400
-101600
-100800
-100000
-101000
-102000
-103000
-104000
-105000
-106000
-105000
-104000
-103100
-102200
-101400
-100900
-103900
-106900
-109900
-112900
-115900
-118900
-117900
-116900
-116000
-115100
-114300
-113500
-112700
-112200
-111700
-111200
-114200
-117200
-116200
-115300
-114400
-113500
-112600
-111700
-110800
-110000
-109200
-108400
-107600
-106800
-106300
-107300
-108300
-109300
-110300
-111300
-112300
-113300
-114300
-115300
-116300
-117300
-118300
-119300
-120300
-121300
-122300
-123300
-124300
-125300
-126300
-125300
-124300
-123300
-122400
-121500
-120600
-121600
-122600
-123600
-124600
-125600
-124600
-123600
-122600
-121600
-120700
-119900
-119400
-118900
-118400
-121400
-124400
-127400
-130400
-133400
-136400
-139400
-142400
-145400
-148400
-151400
-154400
-153400
-152500
-151700
-150900
-150400
-149900
-149400
-152400
-155400
-158400
-161400
-164400
-167400
-170400
-173400
-172400
-171400
-170400
-169400
-168400
-167400
-166400
-165500
-164600
-163800
-163300
-162800
-165800
-164800
-163800
-162900
-162100
-161300
-160500
-159700
-159200
-158700
-158200
-157700
-160700
-163700
-166700
-169700
-172700
-171700
-170700
-169800
-169000
-168200
-167400
-166900
-166400
-165900
-165400
-164900
-167900
-170900
-169900
-168900
-168000
-167100
-166200
-165300
-164400
-163500
-162700
-161900
-161100
-160300
-159500
-159000
-158500
-158000
-157500
-157000
-160000
-163000
-166000
-169000
-172000
-175000
-178000
-181000
-184000
-187000
-190000
-189000
-188100
-187200
-186400
-185600
-185100
-188100
-191100
-194100
-197100
-200100
-199100
-198200
-197300
-196400
-195600
-194800
-194000
-193200
-192700
-195700
-198700
-201700
-204700
-203700
-202700
-201800
-201000
-200200
-199400
-198600
-197800
-197000
-196500
-196000
-199000
-202000
-205000
-204000
-203100
-202200
-201400
-200600
-199800
-199000
-198200
-197400
-196600
-195800
-195300
-194800
-197800
-200800
-203800
-206800
-209800
-212800
-215800
-218800
-217800
-216900
-216100
-215300
-214500
-213700
-212900
-212100
-211600
-211100
-210600
-210100
-209600
-209100
-208600
-211600
-214600
-217600
-220600
-223600
-226600
-229600
-232600
-235600
-238600
-237600
-236700
-235900
-235400
-234900
-237900
-236900
-236000
-235100
-234200
-233300
-232500
-231700
-231200
-230700
-230200
-229700
-229200
-228700
-231700
-234700
-237700
-236700
-235700
-234800
-234000
-233200
-232400
-231600
-230800
-230000
-229200
-228400
-229400
-230400
-231400
-232400
-231400
-230500
-229600
-228700
-227800
-227000
-226200
-225400
-224600
-223800
-223000
-222200
-221400
-220900
-223900
-226900
-229900
-232900
-235900
-238900
-237900
-236900
-236000
-235100
-234200
-233300
-232400
-231500
-230600
-229700
-228800
-227900
-227000
-226200
-225400
-224900
-224400
-223900
-226900
-229900
-228900
-228000
-227100
-226300
-225800
-225300
-224800
-224300
-223800
-226800
-229800
-228800
-227800
-226800
-225800
-224800
-223900
-223100
-222300
-221500
-220700
-219900
-219400
-222400
-225400
-224400
-223400
-222500
-221600
-220800
-220000
-219500
-219000
-218500
-218000
-217500
-220500
-223500
-222500
-221500
-220500
-219500
-218500
-217500
-216500
-215500
-214600
-213800
-213000
-212200
-211700
-214700
-213700
-212800
-211900
-211000
-210100
-209200
-208400
-207600
-207100
-210100
-213100
-212100
-211100
-210100
-209100
-208100
-207100
-206100
-205200
-204300
-203400
-202500
-201600
-200700
-199800
-199000
-198200
-197400
-196600
-195800
-195000
-194200
-193700
-193200
-192700
-192200
-191700
-191200
-190700
-190200
-189700
-192700
-195700
-198700
-201700
-200700
-199700
-198700
-197800
-196900
-196100
-195300
-194800
-197800
-200800
-199800
-198800
-197800
-196800
-195800
-194800
-193800
-192800
-191800
-190900
-190000
-189100
-188200
-187400
-186600
-186100
-189100
-192100
-195100
-198100
-201100
-204100
-207100
-210100
-213100
-216100
-219100
-222100
-225100
-228100
-231100
-234100
-237100
-240100
-243100
-246100
-245100
-244100
-243100
-242100
-241200
-240300
-239400
-238500
-237600
-236800
-236000
-235500
-238500
-237500
-236500
-235600
-234800
-234000
-233200
-232400
-231900
-231400
-234400
-237400
-240400
-243400
-242400
-241400
-240400
-239400
-238400
-237500
-236600
-235700
-234800
-233900
-233000
-232100
-231300
-230500
-230000
-229500
-229000
-228500
-228000
-227500
-227000
-226500
-226000
-225500
-228500
-231500
-234500
-237500
-236500
-235500
-234600
-233700
-232900
-232400
-231900
-231400
-230900
-230400
-229900
-229400
-228900
-228400
-227900
-227400
-226900
-226400
-225900
-228900
-231900
-230900
-229900
-228900
-227900
-226900
-226000
-225100
-224200
-223400
-222600
-221800
-221000
-220500
-223500
-226500
-229500
-232500
-231500
-230500
-229500
-228500
-227500
-226600
-225700
-224900
-224400
-223900
-223400
-222900
-222400
-221900
-221400
-224400
-223400
-222400
-221400
-220400
-219500
-218600
-217800
-217000
-216500
-216000
-219000
-222000
-225000
-224000
-223000
-222000
-221000
-220000
-219000
-218000
-217100
-216200
-215300
-214400
-213500
-212600
-211700
-210900
-210100
-209600
-209100
-212100
-215100
-218100
-221100
-224100
-227100
-230100
-233100
-232100
-231100
-230200
-229300
-228400
-227500
-226600
-225700
-224800
-224000
-223500
-223000
-226000
-229000
-232000
-235000
-234000
-233000
-232000
-231100
-230300
-229800
-229300
-232300
-235300
-234300
-233300
-232300
-231300
-230300
-229300
-228300
-227400
-226500
-225600
-224800
-224300
-223800
-226800
-229800
-228800
-227900
-227000
-226100
-225300
-224500
-223700
-222900
-222100
-221300
-220500
-219700
-218900
-218400
-221400
-224400
-227400
-230400
-233400
-236400
-239400
-238400
-237400
-236500
-235700
-234900
-234400
-233900
-233400
-232900
-232400
-231900
-231400
-230900
-230400
-229900
-232900
-231900
-230900
-229900
-228900
-228000
-227100
-226200
-225300
-224400
-223600
-222800
-222000
-221500
-221000
-220500
-223500
-226500
-229500
-232500
-235500
-238500
-241500
-244500
-247500
-250500
-253500
-256500
-255500
-254600
-253800
-253300
-252800
-252300
-255300
-254300
-253400
-252500
-251700
-251200
-250700
-250200
-249700
-249200
-248700
-248200
-251200
-254200
-253200
-252300
-251400
-250500
-249700
-248900
-248100
-247300
-246800
-249800
-252800
-255800
-254800
-253800
-252800
-251800
-250900
-250100
-249300
-248500
-247700
-247200
-250200
-249200
-248200
-247300
-246400
-245600
-244800
-244000
-243200
-242700
-245700
-248700
-251700
-254700
-257700
-260700
-263700
-266700
-269700
-272700
-271700
-270800
-269900
-269100
-268300
-267500
-266700
-266200
-265700
-265200
-264700
-264200
-263700
-263200
-262700
-265700
-268700
-267700
-266800
-265900
-265000
-264100
-263200
-262300
-261400
-260500
-259600
-258700
-257900
-257100
-256600
-259600
-262600
-265600
-264600
-265600
-266600
-267600
-268600
-269600
-270600
-271600
-270600
-269600
-268600
-267700
-266900
-266100
-265600
-265100
-264600
-264100
-263600
-263100
-266100
-269100
-272100
-275100
-278100
-281100
-284100
-287100
-286100
-285100
-284200
-283300
-282500
-281700
-281200
-280700
-280200
-279700
-279200
-282200
-285200
-288200
-291200
-290200
-289300
-288500
-287700
-286900
-286400
-289400
-292400
-295400
-298400
-301400
-300400
-299400
-298500
-297600
-296700
-295900
-295100
-294600
-297600
-300600
-303600
-306600
-309600
-312600
-315600
-318600
-321600
-324600
-327600
-330600
-329600
-328600
-327600
-326700
-325900
-325400
-324900
-327900
-330900
-333900
-332900
-331900
-331000
-330200
-329400
-328600
-327800
-327000
-326200
-325700
-325200
-324700
-327700
-330700
-329700
-328800
-327900
-327000
-326200
-325400
-324900
-324400
-323900
-326900
-329900
-332900
-335900
-338900
-341900
-344900
-343900
-343000
-342100
-341300
-340500
-340000
-339500
-339000
-338500
-338000
-337500
-337000
-336500
-336000
-339000
-342000
-345000
-348000
-351000
-354000
-357000
-356000
-355000
-354000
-353100
-352200
-351300
-350500
-349700
-348900
-348100
-347600
-347100
-346600
-346100
-345600
-345100
-348100
-347100
-346100
-345100
-344100
-343100
-342200
-341300
-340500
-339700
-339200
-342200
-345200
-344200
-343300
-342500
-341700
-340900
-340400
-343400
-342400
-341400
-340400
-339400
-338400
-337400
-336400
-335500
-334700
-333900
-333400
-336400
-339400
-342400
-345400
-348400
-347400
-346400
-345400
-344400
-343400
-342500
-341700
-340900
-340100
-339300
-338500
-337700
-336900
-336400
-337400
-338400
-339400
-340400
-341400
-342400
-341400
-340400
-339400
-338400
-337400
-336400
-335400
-334400
-333500
-332600
-331800
-331000
-330500
-330000
-329500
-332500
-335500
-338500
-341500
-344500
-347500
-350500
-349500
-348500
-347600
-346700
-345800
-344900
-344100
-343300
-342500
-341700
-341200
-340700
-343700
-346700
-349700
-352700
-355700
-354700
-353800
-353000
-352500
-352000
-351500
-354500
-357500
-356500
-355500
-354500
-353500
-352600
-351700
-350800
-349900
-349000
-348200
-347400
-346600
-346100
-345600
-345100
-344600
-344100
-343600
-343100
-342600
-345600
-348600
-351600
-350600
-349600
-348600
-347600
-346600
-345600
-344600
-343600
-342600
-341600
-340600
-339600
-338600
-337700
-336800
-335900
-335000
-334100
-333200
-332300
-331400
-330500
-329700
-329200
-328700
-328200
-327700
-327200
-330200
-333200
-336200
-339200
-342200
-341200
-340200
-339300
-338400
-337500
-336600
-335800
-335000
-334500
-337500
-340500
-343500
-346500
-349500
-352500
-355500
-354500
-353600
-352700
-351800
-351000
-350500
-350000
-349500
-352500
-355500
-354500
-353500
-352500
-351600
-350800
-350000
-349200
-348400
-347600
-346800
-346000
-345200
-344400
-343600
-342800
-342000
-341200
-340400
-339600
-338800
-338300
-337800
-337300
-336800
-336300
-335800
-335300
-334800
-334300
-333800
-333300
-332800
-332300
-331800
-334800
-333800
-332800
-331900
-331000
-330200
-329400
-328600
-328100
-327600
-327100
-326600
-329600
-328600
-327600
-326700
-325800
-324900
-324000
-323100
-322300
-321500
-322500
-323500
-324500
-325500
-326500
-327500
-328500
-329500
-330500
-331500
-332500
-333500
-334500
-335500
-334500
-333500
-332500
-331500
-330500
-329600
-328800
-328000
-327200
-326400
-325900
-325400
-324900
-324400
-323900
-323400
-324400
-325400
-326400
-327400
-328400
-327400
-326500
-325700
-324900
-324100
-323300
-322500
-321700
-321200
-320700
-323700
-326700
-329700
-332700
-331700
-330700
-329700
-328800
-327900
-327000
-326200
-325400
-324600
-324100
-323600
-323100
-326100
-325100
-324100
-323100
-322100
-321100
-320100
-319100
-318100
-317100
-316100
-315100
-314100
-313100
-312100
-311200
-310300
-309400
-308500
-307600
-306700
-305800
-304900
-304000
-303100
-302200
-301400
-300600
-299800
-299300
-298800
-298300
-301300
-304300
-307300
-310300
-313300
-316300
-319300
-322300
-321300
-320300
-319300
-318400
-317600
-316800
-316300
-319300
-322300
-321300
-320400
-319500
-318600
-317700
-316800
-315900
-315000
-314100
-313200
-312300
-311400
-310600
-309800
-309000
-308200
-307400
-306900
-306400
-305900
-305400
-308400
-311400
-310400
-309500
-308600
-307700
-308700
-309700
-310700
-311700
-310700
-309700
-308700
-307700
-306700
-305700
-304700
-303700
-302800
-301900
-301100
-300600
-300100
-303100
-306100
-309100
-312100
-311100
-310100
-309100
-308100
-307100
-306100
-305100
-304100
-303100
-302100
-301100
-300100
-299100
-298200
-297400
-296900
-299900
-302900
-301900
-301000
-300100
-301100
-302100
-301100
-300100
-299200
-298400
-297600
-296800
-296000
-295200
-294700
-294200
-297200
-300200
-303200
-306200
-309200
-312200
-315200
-318200
-317200
-316200
-315200
-314200
-313300
-312400
-311500
-310700
-309900
-309100
-308600
-308100
-311100
-314100
-317100
-320100
-323100
-326100
-325100
-324200
-323300
-322400
-321600
-320800
-320000
-319200
-318400
-317900
-317400
-320400
-323400
-326400
-329400
-328400
-327400
-326400
-325400
-324400
-323500
-322700
-321900
-321100
-320600
-320100
-323100
-326100
-329100
-332100
-335100
-338100
-341100
-344100
-343100
-342100
-341200
-340300
-339400
-338600
-337800
-337000
-336200
-335700
-335200
-338200
-341200
-344200
-347200
-350200
-353200
-356200
-355200
-354300
-353400
-352600
-352100
-351600
-351100
-350600
-350100
-353100
-352100
-351200
-350400
-349600
-348800
-348300
-347800
-347300
-346800
-349800
-352800
-355800
-358800
-357800
-356900
-356000
-355100
-354200
-353300
-352500
-352000
-355000
-358000
-361000
-364000
-363000
-362000
-361000
-362000
-363000
-364000
-365000
-366000
-365000
-364000
-363000
-362000
-361000
-360000
-359100
-358200
-357300
-356500
-355700
-354900
-354100
-353300
-352500
-351700
-350900
-350100
-349600
-352600
-351600
-350600
-349600
-348700
-347900
-347400
-350400
-353400
-356400
-359400
-358400
-357400
-356500
-357500
-358500
-359500
-360500
-361500
-362500
-361500
-360500
-359500
-358500
-357500
-356500
-355600
-354800
-354000
-353200
-352400
-351600
-350800
-350000
-349200
-348400
-347900
-347400
-346900
-349900
-352900
-355900
-358900
-361900
-364900
-367900
-370900
-373900
-372900
-371900
-370900
-370000
-369100
-368300
-367500
-366700
-366200
-365700
-365200
-364700
-367700
-370700
-373700
-372700
-371700
-370700
-369800
-368900
-368100
-367600
-370600
-373600
-376600
-379600
-382600
-385600
-388600
-391600
-394600
-397600
-396600
-395600
-394700
-393800
-393000
-392500
-392000
-391500
-391000
-390500
-390000
-393000
-396000
-395000
-394000
-393000
-392100
-391200
-390300
-389400
-388500
-387600
-386700
-385800
-384900
-385900
-386900
-387900
-388900
-389900
-390900
-391900
-392900
-393900
-394900
-395900
-396900
-397900
-398900
-399900
-400900
-401900
-402900
-403900
-404900
-405900
-406900
-407900
-408900
-409900
-408900
-408000
-407200
-406400
-405900
-405400
-408400
-411400
-414400
-417400
-420400
-423400
-426400
-429400
-432400
-431400
-430400
-429500
-428600
-427700
-426800
-425900
-425000
-424100
-423200
-422400
-421600
-421100
-420600
-420100
-419600
-419100
-418600
-418100
-417600
-417100
-416600
-417600
-416600
-415700
-414800
-413900
-413000
-412100
-411300
-410500
-409700
-408900
-408100
-407600
-407100
-410100
-413100
-416100
-419100
-422100
-425100
-428100
-431100
-434100
-437100
-440100
-439100
-438100
-437100
-436100
-435200
-434400
-433600
-432800
-432300
-435300
-438300
-441300
-444300
-447300
-446300
-445300
-444300
-443400
-442600
-443600
-444600
-445600
-446600
-447600
-448600
-449600
-450600
-451600
-452600
-453600
-452600
-451700
-450800
-450000
-449200
-448700
-448200
-447700
-450700
-453700
-456700
-455700
-454800
-453900
-453000
-452100
-451200
-450300
-449400
-448500
-447600
-446800
-446000
-445200
-444400
-443600
-443100
-442600
-445600
-448600
-451600
-454600
-453600
-452600
-451700
-450800
-449900
-449000
-448200
-447400
-446900
-446400
-445900
-448900
-447900
-447000
-446200
-445700
-445200
-444700
-444200
-447200
-450200
-453200
-452200
-451200
-450200
-449300
-448500
-447700
-446900
-446100
-445300
-444500
-444500
-444500
-444500
-444500
-443700
-443700
-443200
-443200
-443200
-443200
-442700
-442700
-442700
-445700
-445700
-445700
-445700
-444700
-444700
-444700
-444700
-444700
-443700
-443700
-443700
-443700
