0
1000
1900
2700
3500
4000
4500
5000
5500
6000
6500
3500
500
-2500
-1500
-500
400
1300
2200
3000
3800
4600
5100
5600
6100
3100
100
-2900
-5900
-8900
-11900
-14900
-13900
-13000
-12100
-11200
-10300
-9400
-8500
-7600
-6700
-5800
-4900
-4000
-3200
-2400
-1600
-800
0
800
1600
2400
2900
3400
3900
4400
1400
2400
3400
4400
5400
6400
7300
8100
8900
9700
10500
11300
12100
12600
9600
6600
7600
8500
9300
10100
10600
11100
11600
12100
9100
6100
7100
8100
9100
10100
11100
12100
13100
14100
15100
16100
17100
18100
19000
19800
20600
21400
22200
23000
23500
24000
24500
21500
18500
19500
20400
21200
21700
22200
22700
23200
23700
24200
24700
25200
25700
22700
19700
20700
21700
22700
23600
24400
24900
25400
25900
26400
26900
23900
20900
17900
14900
15900
16900
17900
18800
19700
20500
21000
21500
22000
22500
19500
16500
13500
10500
7500
8500
9500
10500
11500
12400
13200
14000
14800
15600
16400
17200
17700
18200
18700
19200
19700
16700
13700
10700
7700
4700
1700
-1300
-300
700
1700
2600
3500
4300
4800
5300
5800
6300
3300
300
1300
300
-700
300
1300
2300
3200
4000
4500
5000
5500
6000
6500
3500
500
-2500
-5500
-8500
-7500
-6600
-5700
-4800
-3900
-3100
-2300
-1500
-700
100
900
1700
2500
3300
4100
4600
5100
2100
-900
-3900
-2900
-1900
-1000
-100
700
1200
1700
2200
2700
3200
200
-2800
-5800
-8800
-7800
-8800
-9800
-10800
-11800
-12800
-11800
-10800
-9800
-8800
-7800
-6900
-6000
-5100
-4200
-3300
-2400
-1500
-700
-200
300
800
1300
1800
2300
2800
3300
3800
4300
1300
-1700
-4700
-7700
-6700
-5700
-4800
-3900
-3000
-2100
-1300
-800
-300
200
700
1200
1700
2200
-800
-3800
-6800
-9800
-12800
-15800
-18800
-17800
-16800
-15800
-14800
-13800
-12900
-12000
-11100
-10200
-9300
-8400
-7500
-6700
-5900
-5100
-4600
-7600
-10600
-13600
-16600
-15600
-14600
-13600
-12600
-11700
-10800
-9900
-9100
-8300
-7500
-7000
-6500
-6000
-5500
-5000
-4500
-4000
-7000
-10000
-13000
-16000
-19000
-18000
-17000
-16000
-15100
-14300
-13500
-14500
-15500
-16500
-17500
-18500
-19500
-20500
-21500
-22500
-23500
-24500
-25500
-26500
-27500
-26500
-25600
-24800
-24300
-27300
-30300
-33300
-36300
-39300
-42300
-45300
-48300
-51300
-54300
-57300
-60300
-63300
-66300
-69300
-72300
-71300
-70300
-69300
-68300
-67300
-66300
-65300
-64300
-63400
-62500
-61600
-60700
-59800
-58900
-58100
-57600
-57100
-56600
-56100
-59100
-62100
-65100
-68100
-71100
-70100
-69100
-68200
-67400
-66600
-65800
-65300
-64800
-67800
-70800
-73800
-76800
-79800
-78800
-77800
-76800
-75900
-75100
-74300
-73500
-72700
-71900
-71400
-70900
-70400
-69900
-72900
-75900
-74900
-73900
-73000
-72100
-71300
-70500
-69700
-68900
-68100
-67600
-67100
-66600
-66100
-65600
-68600
-71600
-70600
-69700
-68900
-68100
-67600
-70600
-73600
-76600
-75600
-74600
-73700
-72800
-71900
-71000
-70100
-69300
-68800
-68300
-67800
-67300
-70300
-73300
-76300
-79300
-78300
-77300
-76300
-75300
-74300
-73300
-72400
-71500
-70700
-69900
-69100
-68300
-67800
-70800
-69800
-68800
-67800
-66900
-66100
-65300
-64500
-63700
-62900
-62100
-61300
-60800
-63800
-66800
-69800
-72800
-71800
-70800
-69800
-68800
-67800
-66800
-65800
-64900
-64000
-63100
-62200
-61300
-60400
-59500
-58600
-57700
-56800
-56000
-55200
-54400
-53900
-56900
-59900
-62900
-65900
-68900
-71900
-74900
-73900
-73000
-72100
-71300
-70500
-69700
-68900
-68400
-71400
-74400
-77400
-80400
-83400
-86400
-89400
-88400
-87400
-86500
-85700
-84900
-84400
-83900
-86900
-89900
-92900
-95900
-98900
-97900
-96900
-96000
-95200
-94700
-97700
-100700
-103700
-106700
-105700
-104800
-103900
-103000
-102200
-101400
-100600
-99800
-99300
-98800
-101800
-104800
-107800
-106800
-105800
-104900
-104000
-103100
-102200
-101300
-100500
-99700
-98900
-98400
-101400
-104400
-103400
-102400
-101400
-100400
-99400
-98400
-97400
-96400
-95400
-94400
-93400
-92500
-93500
-94500
-95500
-96500
-97500
-98500
-99500
-100500
-101500
-102500
-103500
-104500
-105500
-106500
-107500
-108500
-107500
-106500
-105500
-104500
-103600
-102700
-101800
-101000
-100200
-99700
-99200
-100200
-99200
-98200
-97300
-96400
-95500
-94600
-93800
-93300
-96300
-95300
-94400
-93500
-92600
-91800
-91000
-90200
-89400
-88600
-87800
-87300
-90300
-93300
-96300
-99300
-102300
-101300
-100300
-99300
-98300
-97400
-96500
-95600
-94700
-93800
-92900
-92000
-91100
-90200
-89400
-88600
-87800
-87300
-86800
-86300
-85800
-88800
-87800
-86900
-86000
-85100
-84200
-83300
-82400
-81500
-80600
-79700
-78800
-78000
-77500
-80500
-83500
-86500
-89500
-92500
-95500
-98500
-101500
-104500
-107500
-110500
-113500
-116500
-119500
-122500
-121500
-120600
-119700
-118900
-118400
-117900
-120900
-119900
-120900
-121900
-122900
-121900
-121000
-120200
-119400
-118900
-121900
-124900
-123900
-123000
-122100
-121300
-120500
-119700
-118900
-118100
-117600
-120600
-123600
-126600
-129600
-128600
-127600
-126600
-125600
-124700
-123900
-123400
-126400
-129400
-132400
-135400
-134400
-133400
-132400
-131400
-130400
-129500
-128600
-127700
-126800
-126000
-125200
-124400
-123600
-122800
-122000
-121500
-121000
-120500
-120000
-119500
-122500
-125500
-128500
-131500
-134500
-137500
-136500
-135600
-134700
-133800
-133000
-132500
-132000
-135000
-134000
-133000
-132100
-131200
-130300
-129400
-128600
-127800
-127300
-126800
-126300
-125800
-125300
-128300
-131300
-130300
-129300
-128400
-127500
-128500
-129500
-130500
-131500
-132500
-133500
-134500
-135500
-136500
-137500
-138500
-139500
-140500
-139500
-138500
-137500
-136600
-135700
-134800
-133900
-133000
-132200
-131400
-130600
-129800
-129000
-128200
-127400
-126600
-125800
-125000
-124500
-124000
-123500
-126500
-125500
-124500
-123600
-122800
-122000
-121200
-120700
-123700
-126700
-129700
-132700
-135700
-138700
-141700
-144700
-147700
-150700
-153700
-156700
-155700
-154700
-153700
-152700
-151700
-150700
-149700
-148700
-147700
-146700
-145700
-144800
-143900
-143000
-142100
-141200
-140400
-139900
-139400
-138900
-141900
-144900
-147900
-150900
-153900
-156900
-159900
-162900
-165900
-164900
-163900
-162900
-162000
-161100
-160200
-159300
-158500
-158000
-157500
-160500
-163500
-162500
-161500
-160500
-159500
-158500
-157500
-156500
-155600
-154700
-153900
-153100
-152300
-151800
-151300
-154300
-157300
-160300
-163300
-166300
-169300
-172300
-171300
-170300
-169300
-168300
-167400
-166600
-165800
-165000
-164500
-167500
-166500
-167500
-166500
-165500
-164500
-163500
-162600
-161700
-160800
-159900
-159000
-158100
-157200
-156400
-155600
-155100
-154600
-154100
-157100
-160100
-159100
-158100
-157100
-156100
-155100
-154200
-153400
-152600
-151800
-151300
-150800
-150300
-149800
-149300
-148800
-148300
-147800
-147300
-148300
-149300
-150300
-151300
-152300
-153300
-154300
-155300
-156300
-157300
-158300
-159300
-160300
-161300
-162300
-161300
-160300
-159300
-158300
-157300
-156400
-155600
-154800
-154000
-153200
-152700
-155700
-158700
-161700
-164700
-167700
-166700
-165700
-164700
-163800
-162900
-162000
-161200
-160700
-160200
-159700
-162700
-165700
-168700
-171700
-174700
-177700
-180700
-183700
-182700
-181800
-180900
-180000
-179100
-178300
-177500
-176700
-175900
-175100
-174300
-173500
-172700
-171900
-171400
-170900
-173900
-176900
-179900
-182900
-181900
-180900
-179900
-178900
-178000
-177100
-176300
-175800
-178800
-181800
-184800
-183800
-182800
-181800
-180800
-179900
-179100
-178300
-177800
-180800
-179800
-178900
-178100
-177300
-176500
-175700
-174900
-174100
-173300
-172800
-172300
-171800
-171300
-174300
-173300
-172300
-171400
-170500
-169600
-168800
-168000
-167500
-167000
-170000
-169000
-168000
-167000
-166000
-165000
-164100
-163200
-162300
-161400
-160500
-159600
-158700
-157900
-157100
-156300
-155800
-158800
-157800
-156800
-155800
-154900
-154000
-153100
-152200
-151300
-150500
-149700
-148900
-148100
-147300
-146500
-145700
-144900
-144400
-143900
-146900
-149900
-148900
-148000
-147200
-146400
-145900
-148900
-151900
-154900
-153900
-152900
-151900
-150900
-149900
-148900
-147900
-146900
-145900
-144900
-144000
-143100
-142200
-141300
-140500
-139700
-138900
-138100
-137600
-137100
-136600
-139600
-142600
-145600
-148600
-151600
-150600
-149700
-148900
-148100
-147300
-146500
-145700
-144900
-144400
-143900
-146900
-149900
-148900
-147900
-146900
-145900
-144900
-144000
-143200
-142400
-141600
-140800
-140000
-139200
-138400
-137600
-136800
-136000
-135200
-134400
-133600
-132800
-132000
-131500
-131000
-130500
-133500
-136500
-139500
-142500
-145500
-148500
-151500
-154500
-157500
-160500
-163500
-166500
-169500
-168500
-167600
-166700
-165800
-164900
-164000
-163100
-162200
-161400
-160900
-160400
-159900
-159400
-162400
-165400
-168400
-171400
-174400
-177400
-180400
-183400
-186400
-189400
-192400
-191400
-190500
-189600
-188700
-187900
-187400
-186900
-189900
-192900
-191900
-190900
-189900
-188900
-189900
-190900
-191900
-192900
-193900
-194900
-195900
-194900
-193900
-193000
-192100
-191200
-190400
-189900
-189400
-188900
-191900
-194900
-193900
-193000
-192100
-191300
-190800
-190300
-193300
-196300
-199300
-202300
-205300
-208300
-211300
-214300
-217300
-216300
-215300
-214300
-213300
-212400
-211500
-210600
-209700
-208800
-207900
-207000
-206100
-205300
-204800
-204300
-203800
-203300
-202800
-202300
-201800
-201300
-200800
-200300
-199800
-199300
-202300
-205300
-208300
-211300
-214300
-217300
-220300
-223300
-226300
-229300
-232300
-231300
-230300
-229300
-228400
-227500
-226600
-227600
-228600
-229600
-230600
-229600
-228700
-227800
-226900
-226000
-225200
-224400
-223600
-223100
-222600
-222100
-225100
-228100
-231100
-234100
-233100
-232100
-231200
-230300
-229500
-229000
-228500
-228000
-227500
-227000
-230000
-233000
-232000
-231100
-230200
-229300
-228400
-227600
-226800
-226000
-225500
-225000
-228000
-231000
-234000
-237000
-240000
-243000
-242000
-241100
-240200
-239300
-238400
-237600
-237100
-240100
-243100
-246100
-245100
-244100
-243100
-242200
-241400
-240900
-243900
-246900
-249900
-248900
-247900
-246900
-246000
-245100
-244300
-243500
-242700
-241900
-241100
-240300
-239800
-239300
-238800
-241800
-244800
-247800
-246800
-245800
-244800
-243800
-242900
-242000
-241100
-240200
-239400
-238900
-238400
-237900
-240900
-239900
-238900
-237900
-237000
-236100
-235300
-234500
-233700
-233200
-232700
-232200
-231700
-231200
-234200
-237200
-240200
-243200
-246200
-245200
-244200
-243300
-242500
-241700
-240900
-240100
-239300
-238500
-237700
-237200
-236700
-236200
-235700
-235200
-234700
-234200
-237200
-240200
-243200
-246200
-249200
-248200
-247200
-246200
-245200
-244300
-243400
-242600
-241800
-241000
-240200
-239700
-242700
-245700
-248700
-247700
-246800
-246000
-245200
-244400
-243900
-246900
-249900
-252900
-255900
-258900
-257900
-256900
-256000
-255100
-254300
-253500
-252700
-251900
-251100
-250600
-250100
-253100
-252100
-251100
-250200
-249400
-248900
-248400
-251400
-254400
-257400
-260400
-263400
-262400
-261400
-260500
-259600
-258800
-258000
-257200
-256700
-256200
-255700
-255200
-254700
-254200
-253700
-253200
-252700
-252200
-251700
-251200
-250700
-250200
-249700
-252700
-251700
-250700
-249700
-248700
-247700
-246800
-245900
-245000
-244100
-243300
-242800
-242300
-241800
-241300
-240800
-240300
-243300
-242300
-241300
-240300
-239300
-238400
-237500
-236700
-236200
-239200
-242200
-241200
-240200
-239200
-238200
-237200
-236200
-235200
-234300
-233500
-232700
-231900
-231400
-234400
-237400
-240400
-243400
-242400
-241400
-240500
-239600
-238800
-238000
-237200
-236700
-236200
-235700
-238700
-237700
-236700
-235700
-234800
-234000
-233200
-232700
-235700
-238700
-241700
-244700
-247700
-250700
-249700
-248800
-248000
-247500
-247000
-248000
-249000
-250000
-251000
-250000
-249000
-248100
-247200
-246400
-245600
-244800
-244000
-243200
-242400
-241600
-241100
-240600
-240100
-243100
-246100
-249100
-252100
-251100
-250100
-249200
-248300
-247400
-246500
-245700
-245200
-248200
-247200
-246200
-245300
-244400
-243500
-242600
-241700
-240900
-240100
-239600
-242600
-245600
-248600
-247600
-246600
-245700
-244900
-244400
-243900
-246900
-249900
-248900
-247900
-247000
-248000
-249000
-250000
-251000
-252000
-253000
-254000
-253000
-252100
-251200
-250300
-249500
-248700
-247900
-247400
-246900
-246400
-245900
-245400
-248400
-251400
-254400
-257400
-256400
-255500
-254700
-253900
-253400
-252900
-252400
-251900
-251400
-250900
-253900
-252900
-252000
-251100
-250200
-249400
-248600
-248100
-247600
-247100
-250100
-249100
-248100
-247100
-246100
-245100
-244100
-245100
-244100
-243200
-242400
-241900
-241400
-240900
-240400
-239900
-239400
-238900
-238400
-237900
-237400
-236900
-239900
-242900
-245900
-248900
-251900
-250900
-250000
-249100
-248200
-247400
-246600
-246100
-245600
-245100
-248100
-251100
-254100
-253100
-252200
-251400
-250600
-249800
-249000
-248200
-247400
-246900
-246400
-249400
-252400
-255400
-254400
-253500
-252600
-251700
-250800
-249900
-249000
-248100
-247200
-248200
-249200
-250200
-251200
-252200
-253200
-254200
-255200
-256200
-257200
-258200
-259200
-260200
-261200
-262200
-263200
-264200
-265200
-266200
-267200
-266200
-265200
-264200
-263300
-262400
-261500
-260600
-259700
-258900
-258400
-257900
-260900
-263900
-266900
-269900
-272900
-275900
-274900
-273900
-273000
-272200
-271400
-270600
-270100
-269600
-272600
-275600
-274600
-273600
-272600
-271700
-270800
-269900
-269000
-268100
-267300
-266800
-266300
-265800
-268800
-271800
-270800
-269900
-269000
-268100
-267200
-266400
-265600
-264800
-264000
-263200
-262700
-262200
-261700
-261200
-260700
-263700
-266700
-269700
-272700
-275700
-278700
-277700
-276700
-275700
-274700
-273800
-272900
-272000
-271100
-270200
-269400
-268900
-268400
-271400
-274400
-277400
-280400
-279400
-278400
-277500
-276600
-275800
-275000
-274200
-273400
-272900
-272400
-271900
-271400
-270900
-273900
-276900
-275900
-275000
-274200
-273400
-272600
-271800
-271000
-270200
-269700
-269200
-268700
-268200
-267700
-270700
-273700
-276700
-275700
-274700
-273700
-272800
-271900
-271000
-270100
-269200
-268400
-267600
-267100
-266600
-266100
-265600
-265100
-268100
-271100
-274100
-277100
-276100
-275200
-274400
-273600
-272800
-272300
-271800
-271300
-274300
-277300
-280300
-283300
-286300
-289300
-292300
-295300
-298300
-301300
-304300
-307300
-310300
-309300
-308400
-307500
-306700
-305900
-305100
-304300
-303500
-302700
-301900
-301400
-300900
-303900
-306900
-309900
-312900
-315900
-318900
-321900
-324900
-327900
-330900
-333900
-336900
-339900
-342900
-345900
-348900
-351900
-350900
-350000
-349100
-348200
-347400
-346600
-345800
-345000
-344200
-343400
-342600
-341800
-341000
-340200
-339400
-338600
-337800
-337000
-336200
-335400
-334900
-334400
-333900
-333400
-332900
-332400
-335400
-334400
-333400
-332400
-331400
-330400
-329500
-330500
-329500
-328500
-327500
-326500
-325500
-324500
-323500
-322500
-321500
-320500
-319600
-318700
-317900
-317100
-316300
-315500
-315000
-314500
-317500
-316500
-315500
-314500
-313500
-312600
-311700
-310800
-310000
-309200
-308700
-308200
-311200
-310200
-309300
-308400
-307500
-306600
-305700
-304800
-303900
-303000
-302100
-301300
-300800
-300300
-299800
-302800
-305800
-308800
-307800
-306900
-306000
-305200
-304700
-304200
-307200
-306200
-305200
-304200
-303300
-302400
-301600
-300800
-300300
-299800
-299300
-298800
-298300
-297800
-297300
-296800
-296300
-295800
-298800
-301800
-304800
-307800
-310800
-313800
-316800
-319800
-318800
-317800
-316800
-315800
-314900
-314100
-313600
-313100
-312600
-312100
-311600
-311100
-310600
-313600
-316600
-315600
-314600
-313600
-312600
-311600
-310600
-309700
-308800
-308000
-307500
-310500
-309500
-308500
-307600
-306800
-306300
-309300
-312300
-315300
-314300
-313400
-312500
-311600
-310700
-309800
-308900
-308000
-307100
-306200
-305400
-304600
-304100
-307100
-310100
-313100
-316100
-319100
-322100
-325100
-328100
-331100
-334100
-337100
-340100
-343100
-346100
-345100
-344100
-343100
-342100
-341100
-340100
-339100
-338100
-337200
-336300
-335500
-334700
-334200
-333700
-333200
-332700
-332200
-335200
-338200
-341200
-340200
-339300
-338500
-337700
-337200
-336700
-339700
-342700
-345700
-348700
-351700
-354700
-357700
-360700
-359700
-358700
-357700
-356700
-355700
-354800
-353900
-353000
-352200
-351400
-350900
-350400
-353400
-356400
-355400
-354400
-353400
-352400
-351500
-350700
-350200
-353200
-356200
-359200
-362200
-365200
-368200
-371200
-374200
-377200
-380200
-379200
-378200
-377300
-376400
-375600
-374800
-374000
-373500
-373000
-372500
-372000
-371500
-371000
-370500
-370000
-369500
-372500
-375500
-378500
-381500
-384500
-387500
-390500
-393500
-396500
-399500
-402500
-401500
-400600
-399700
-398800
-398000
-397200
-396700
-399700
-402700
-405700
-408700
-411700
-410700
-409700
-408800
-408000
-407200
-406400
-405900
-405400
-408400
-411400
-414400
-413400
-412400
-411500
-410600
-409700
-410700
-411700
-412700
-413700
-414700
-415700
-416700
-417700
-418700
-419700
-420700
-421700
-422700
-423700
-422700
-421800
-420900
-420000
-419100
-418300
-417500
-417000
-420000
-423000
-422000
-421000
-420100
-419200
-418300
-417400
-416500
-415600
-414700
-413800
-412900
-412000
-411100
-410200
-409300
-408400
-407600
-406800
-406000
-405200
-404400
-403600
-402800
-402000
-401200
-400400
-399600
-398800
-398000
-397200
-396700
-399700
-402700
-405700
-408700
-411700
-410700
-409700
-408700
-407700
-406700
-405700
-404800
-404000
-403500
-403000
-402500
-405500
-408500
-411500
-414500
-417500
-420500
-423500
-426500
-425500
-424500
-423500
-422500
-421600
-420700
-419900
-419400
-418900
-418400
-417900
-417400
-416900
-419900
-418900
-418000
-417100
-416300
-415500
-414700
-413900
-413400
-412900
-412400
-415400
-414400
-413500
-412700
-411900
-411400
-410900
-413900
-416900
-419900
-422900
-425900
-428900
-431900
-434900
-437900
-440900
-443900
-446900
-445900
-444900
-443900
-442900
-442000
-441100
-440200
-439300
-438400
-437600
-436800
-436000
-435200
-434400
-433900
-433400
-436400
-435400
-434500
-433600
-432700
-431800
-431000
-430500
-433500
-432500
-431600
-430700
-429800
-428900
-428000
-427100
-426200
-427200
-428200
-429200
-430200
-431200
-432200
-431200
-430300
-429400
-428500
-427600
-426800
-426000
-425200
-424700
-427700
-430700
-433700
-436700
-439700
-442700
-445700
-448700
-451700
-454700
-457700
-460700
-463700
-466700
-469700
-472700
-475700
-478700
-481700
-484700
-487700
-490700
-493700
-496700
-499700
-502700
-505700
-504700
-503700
-502700
-501700
-500700
-499700
-498700
-497700
-496800
-495900
-495000
-494200
-493400
-492900
-495900
-498900
-501900
-504900
-507900
-510900
-513900
-516900
-519900
-518900
-518000
-517100
-516200
-515400
-514900
-514400
-513900
-513400
-512900
-512400
-511900
-511400
-510900
-510400
-509900
-509400
-508900
-508400
-507900
-507400
-510400
-513400
-512400
-511400
-510400
-509400
-508400
-507400
-506400
-505400
-504400
-503400
-502500
-501600
-500700
-499800
-499000
-498200
-497400
-496900
-496400
-499400
-502400
-505400
-508400
-511400
-514400
-513400
-512400
-511400
-510400
-509500
-508700
-507900
-507100
-506300
-505800
-505300
-508300
-511300
-514300
-513300
-512300
-511300
-510300
-509300
-508300
-507300
-506400
-505500
-504600
-503700
-502800
-501900
-501000
-500100
-499200
-498300
-497400
-496500
-495700
-495200
-498200
-501200
-504200
-507200
-510200
-509200
-508200
-507300
-506500
-506000
-505500
-505000
-504500
-507500
-510500
-513500
-516500
-519500
-522500
-525500
-524500
-523600
-522800
-522000
-521200
-520400
-519900
-522900
-525900
-528900
-527900
-527000
-526200
-525700
-525200
-528200
-531200
-534200
-537200
-536200
-535200
-534200
-533200
-532200
-531200
-530200
-529200
-528300
-527400
-526600
-526100
-525600
-525100
-524600
-524100
-525100
-526100
-527100
-528100
-529100
-530100
-531100
-532100
-533100
-532100
-531100
-530100
-529100
-528100
-527200
-526300
-525400
-524500
-523600
-522700
-521800
-520900
-520000
-519100
-518300
-517800
-517300
-516800
-516300
-515800
-515300
-514800
-517800
-516800
-515900
-515100
-514600
-517600
-516600
-515600
-514700
-513800
-513000
-512200
-511400
-510600
-509800
-509300
-512300
-511300
-510400
-509500
-508600
-507700
-506800
-505900
-505000
-504100
-503200
-502300
-501500
-500700
-499900
-499100
-498600
-501600
-500600
-499700
-498800
-497900
-497000
-496100
-495200
-494300
-493400
-492500
-491600
-490800
-490300
-489800
-489300
-488800
-491800
-494800
-497800
-500800
-503800
-506800
-509800
-512800
-511800
-510800
-509800
-508900
-508000
-507100
-506200
-505300
-504500
-503700
-503200
-502700
-502200
-501700
-504700
-507700
-510700
-513700
-516700
-515700
-514700
-513700
-512800
-511900
-511000
-510100
-509200
-508400
-507900
-510900
-513900
-516900
-515900
-514900
-514000
-513200
-512400
-511900
-511400
-510900
-510400
-509900
-509400
-508900
-508400
-511400
-514400
-513400
-512400
-511500
-510700
-509900
-509100
-508300
-507800
-507300
-510300
-513300
-512300
-511400
-510500
-509700
-509200
-508700
-511700
-514700
-517700
-520700
-523700
-526700
-529700
-528700
-527700
-526700
-525700
-524800
-523900
-523000
-522100
-521200
-520300
-519400
-518500
-517600
-516800
-516300
-515800
-518800
-521800
-524800
-527800
-530800
-533800
-536800
-535800
-534800
-533800
-532800
-531900
-531100
-530300
-529500
-528700
-527900
-527100
-526300
-525500
-524700
-523900
-523100
-522300
-521800
-521300
-524300
-527300
-530300
-533300
-532300
-531400
-530500
-529600
-528700
-527900
-527100
-526300
-525800
-528800
-531800
-534800
-537800
-540800
-539800
-538800
-537900
-537000
-536200
-535400
-534600
-533800
-533000
-532500
-532000
-531500
-531000
-534000
-537000
-540000
-543000
-546000
-549000
-552000
-555000
-558000
-561000
-564000
-567000
-570000
-573000
-576000
-579000
-582000
-585000
-588000
-591000
-590000
-589100
-588300
-587500
-586700
-585900
-586900
-587900
-588900
-589900
-588900
-587900
-587000
-586100
-585200
-584400
-583900
-586900
-589900
-588900
-587900
-586900
-585900
-585000
-584200
-583400
-582900
-585900
-588900
-591900
-594900
-597900
-600900
-603900
-602900
-601900
-601000
-600100
-599200
-598400
-597600
-596800
-596300
-599300
-598300
-597300
-596300
-595400
-594500
-593600
-592800
-592000
-591500
-591000
-594000
-597000
-596000
-595100
-594300
-593500
-593000
-592500
-592000
-595000
-598000
-601000
-604000
-607000
-610000
-613000
-616000
-619000
-618000
-617000
-616000
-615000
-614000
-613000
-612100
-613100
-614100
-615100
-616100
-617100
-618100
-619100
-620100
-621100
-622100
-621100
-620100
-619100
-618100
-617200
-616300
-615500
-615000
-614500
-617500
-620500
-623500
-626500
-625500
-624500
-623500
-622600
-621700
-620900
-620100
-619600
-619100
-622100
-625100
-628100
-631100
-634100
-637100
-640100
-639100
-638200
-637400
-636600
-635800
-635000
-634200
-633400
-632600
-632100
-635100
-634100
-633100
-632100
-631100
-630100
-629200
-628300
-627400
-626500
-625700
-624900
-624100
-623300
-622500
-621700
-620900
-620400
-619900
-619400
-622400
-625400
-628400
-631400
-630400
-629500
-628700
-627900
-627400
