0
1000
2000
2900
3800
4700
5500
6300
7100
7900
8700
9200
9700
8700
7700
6700
5700
4700
3700
2700
1700
700
-300
-1300
-2300
-3300
-4300
-5300
-6300
-7300
-8300
-9300
-10300
-11300
-12300
-13300
-14300
-15300
-16300
-17300
-16300
-15300
-14300
-13300
-12300
-11300
-10400
-9600
-8800
-8000
-7200
-6400
-5900
-5400
-4900
-4400
-3900
-3400
-2900
-2400
-1900
-1400
-4400
-3400
-2400
-1500
-700
-200
300
800
-2200
-5200
-8200
-7200
-6200
-5200
-4200
-3200
-2300
-1500
-1000
-500
-3500
-6500
-9500
-8500
-7600
-6700
-5800
-4900
-4100
-3300
-2800
-5800
-8800
-11800
-14800
-13800
-12800
-11900
-11000
-10200
-9400
-8600
-8100
-7600
-7100
-10100
-9100
-10100
-11100
-12100
-13100
-14100
-13100
-12200
-11400
-10600
-10100
-13100
-16100
-19100
-22100
-25100
-28100
-31100
-30100
-29100
-28200
-27300
-26400
-25600
-24800
-24000
-23200
-22400
-21900
-24900
-27900
-30900
-33900
-36900
-39900
-42900
-41900
-40900
-39900
-38900
-38000
-37100
-36200
-35300
-34400
-33500
-32700
-32200
-31700
-31200
-30700
-30200
-33200
-32200
-31200
-30300
-29400
-28600
-27800
-27000
-26200
-25700
-25200
-24700
-27700
-30700
-33700
-32700
-31800
-30900
-30100
-29300
-28500
-28000
-27500
-27000
-26500
-26000
-29000
-32000
-35000
-38000
-41000
-40000
-39000
-38100
-37300
-36800
-36300
-37300
-38300
-37300
-36400
-35500
-34700
-33900
-33400
-36400
-39400
-38400
-37400
-36500
-35600
-34700
-33900
-33100
-32600
-32100
-31600
-34600
-33600
-32600
-31700
-30800
-30000
-29200
-28400
-27900
-30900
-33900
-36900
-39900
-42900
-41900
-42900
-43900
-44900
-45900
-46900
-47900
-48900
-49900
-50900
-51900
-50900
-49900
-49000
-48200
-47400
-48400
-49400
-50400
-51400
-52400
-53400
-54400
-53400
-52500
-51600
-50700
-49900
-49400
-48900
-51900
-54900
-53900
-53000
-52100
-51200
-50300
-49400
-48600
-48100
-47600
-47100
-50100
-53100
-56100
-59100
-62100
-65100
-68100
-67100
-66200
-65300
-64400
-63600
-63100
-62600
-65600
-68600
-67600
-66600
-65600
-64700
-63900
-63100
-62300
-61500
-61000
-64000
-63000
-62100
-61200
-60300
-59400
-58500
-57600
-56700
-55900
-55400
-54900
-54400
-53900
-56900
-55900
-54900
-53900
-53000
-52200
-51400
-50900
-50400
-53400
-56400
-59400
-62400
-65400
-68400
-71400
-70400
-69500
-68600
-69600
-68600
-67600
-68600
-69600
-70600
-71600
-72600
-73600
-74600
-75600
-76600
-77600
-78600
-79600
-80600
-81600
-82600
-83600
-82600
-81600
-80700
-79900
-79100
-78300
-77500
-76700
-76200
-75700
-75200
-74700
-74200
-73700
-73200
-72700
-75700
-78700
-81700
-84700
-83700
-82700
-81800
-80900
-80100
-79600
-79100
-82100
-85100
-88100
-91100
-94100
-93100
-92100
-91100
-90100
-89100
-88100
-87100
-86100
-85100
-84200
-83300
-82400
-81500
-80600
-79700
-78800
-78000
-77200
-76400
-75900
-78900
-81900
-84900
-87900
-90900
-93900
-96900
-99900
-102900
-105900
-108900
-111900
-110900
-109900
-108900
-109900
-110900
-111900
-110900
-110000
-109100
-108200
-107300
-106400
-105500
-104600
-103800
-103000
-104000
-105000
-106000
-107000
-108000
-109000
-110000
-109000
-108000
-107000
-106000
-105000
-104000
-103100
-102200
-101400
-100600
-99800
-99300
-98800
-99800
-100800
-101800
-102800
-103800
-104800
-105800
-106800
-105800
-104900
-104100
-103600
-106600
-109600
-112600
-115600
-114600
-113700
-112900
-112400
-111900
-114900
-117900
-120900
-123900
-126900
-129900
-132900
-135900
-134900
-133900
-132900
-131900
-131000
-130100
-129200
-128400
-127600
-126800
-126000
-125200
-124400
-123600
-123100
-122600
-122100
-121600
-121100
-120600
-120100
-123100
-122100
-121200
-120400
-119900
-122900
-121900
-121000
-120100
-119200
-118300
-117500
-117000
-120000
-119000
-118000
-117000
-118000
-119000
-120000
-121000
-122000
-123000
-124000
-125000
-126000
-127000
-128000
-129000
-130000
-131000
-132000
-133000
-134000
-135000
-136000
-137000
-138000
-139000
-140000
-141000
-142000
-143000
-144000
-143000
-142100
-141200
-140400
-139600
-139100
-138600
-138100
-141100
-144100
-147100
-150100
-153100
-156100
-155100
-154100
-153200
-152300
-151500
-151000
-150500
-153500
-156500
-159500
-158500
-157600
-156700
-155800
-156800
-157800
-158800
-159800
-160800
-161800
-162800
-163800
-164800
-165800
-164800
-163800
-162800
-161800
-160800
-159800
-158800
-157900
-157000
-156100
-155300
-154500
-153700
-152900
-152100
-151300
-150500
-149700
-148900
-148100
-147300
-146500
-145700
-144900
-144100
-145100
-146100
-147100
-148100
-149100
-150100
-151100
-152100
-153100
-154100
-155100
-156100
-157100
-158100
-159100
-160100
-161100
-162100
-163100
-162100
-161200
-160400
-159600
-159100
-158600
-158100
-161100
-164100
-167100
-170100
-173100
-172100
-171100
-170200
-169400
-168600
-167800
-167300
-166800
-166300
-165800
-165300
-168300
-171300
-174300
-173300
-172400
-171500
-170600
-169800
-169000
-168500
-171500
-174500
-177500
-180500
-183500
-182500
-181500
-180500
-179500
-178500
-177500
-176600
-175700
-174900
-174400
-177400
-180400
-179400
-178400
-177500
-178500
-177500
-176500
-175500
-174500
-173500
-172600
-171700
-170900
-170400
-169900
-172900
-175900
-178900
-181900
-184900
-187900
-190900
-193900
-196900
-199900
-202900
-201900
-201000
-200100
-199200
-198300
-197400
-196500
-195600
-194700
-193900
-193400
-192900
-192400
-195400
-194400
-193500
-192600
-191700
-190800
-189900
-189100
-188600
-188100
-187600
-190600
-193600
-192600
-191600
-190600
-189700
-188800
-187900
-187100
-186600
-186100
-189100
-192100
-195100
-194100
-193200
-192300
-191400
-190500
-189700
-189200
-188700
-188200
-187700
-190700
-193700
-196700
-199700
-202700
-205700
-208700
-211700
-214700
-217700
-220700
-223700
-226700
-225700
-224800
-223900
-223000
-222100
-221200
-220300
-219500
-218700
-217900
-217400
-216900
-216400
-215900
-215400
-218400
-221400
-224400
-223400
-222400
-221500
-220700
-220200
-219700
-219200
-218700
-221700
-224700
-227700
-230700
-233700
-236700
-235700
-234700
-233700
-232800
-232000
-231500
-231000
-230500
-233500
-236500
-239500
-242500
-245500
-244500
-243500
-242600
-241700
-240800
-239900
-239000
-238100
-237300
-236500
-235700
-235200
-234700
-234200
-233700
-233200
-236200
-235200
-234200
-233200
-232200
-231200
-230200
-229300
-228400
-227500
-226600
-225800
-225000
-224200
-223400
-222900
-222400
-221900
-224900
-227900
-226900
-225900
-224900
-224000
-223100
-222200
-221300
-220500
-219700
-218900
-218100
-217300
-216800
-216300
-215800
-215300
-218300
-221300
-220300
-219300
-218300
-217300
-216400
-215600
-215100
-214600
-214100
-213600
-216600
-215600
-214600
-213600
-212600
-211600
-210700
-209800
-209000
-208200
-207400
-206600
-206100
-205600
-208600
-211600
-214600
-217600
-220600
-219600
-218700
-217800
-216900
-216000
-215100
-214200
-213400
-212600
-212100
-211600
-211100
-210600
-210100
-213100
-216100
-219100
-222100
-221100
-220100
-219100
-218100
-217100
-216100
-215100
-214100
-213100
-212200
-211300
-210400
-209500
-208600
-209600
-210600
-211600
-212600
-213600
-214600
-215600
-216600
-217600
-218600
-219600
-220600
-221600
-222600
-223600
-222600
-221600
-220600
-219700
-218800
-217900
-217100
-216300
-215500
-214700
-213900
-213100
-212300
-211500
-210700
-209900
-209400
-208900
-208400
-207900
-207400
-206900
-206400
-205900
-205400
-208400
-211400
-214400
-217400
-220400
-223400
-226400
-229400
-228400
-227400
-226400
-225400
-224400
-223500
-222600
-221700
-220800
-219900
-219000
-218100
-219100
-220100
-221100
-222100
-223100
-224100
-225100
-226100
-227100
-228100
-229100
-230100
-231100
-232100
-233100
-234100
-235100
-236100
-237100
-238100
-237100
-236100
-235100
-234100
-233200
-232400
-231900
-231400
-234400
-237400
-240400
-243400
-246400
-249400
-252400
-255400
-254400
-253400
-252400
-251500
-250700
-249900
-249100
-248300
-247500
-246700
-245900
-245100
-244300
-243500
-243000
-242500
-245500
-248500
-251500
-254500
-257500
-260500
-263500
-262500
-261500
-260500
-259600
-258800
-259800
-260800
-261800
-262800
-263800
-264800
-265800
-266800
-267800
-268800
-269800
-270800
-271800
-272800
-273800
-274800
-275800
-276800
-277800
-278800
-277800
-276900
-276100
-275600
-278600
-281600
-284600
-287600
-290600
-289600
-288600
-287600
-286700
-285800
-284900
-284000
-283100
-282200
-281300
-280400
-279500
-278600
-277800
-277000
-276200
-275700
-275200
-278200
-277200
-276200
-275200
-274300
-273500
-272700
-271900
-271100
-270300
-269800
-269300
-268800
-268300
-267800
-270800
-273800
-276800
-279800
-282800
-285800
-284800
-283800
-282800
-281900
-281000
-280100
-279200
-278300
-277400
-276500
-275600
-274800
-274300
-273800
-273300
-272800
-275800
-278800
-281800
-280800
-279900
-279000
-278200
-277400
-276600
-275800
-275000
-274200
-273400
-272600
-271800
-271000
-270200
-269400
-268900
-268400
-267900
-267400
-266900
-266400
-265900
-265400
-268400
-271400
-274400
-277400
-276400
-275400
-274500
-273700
-272900
-272100
-271300
-270800
-270300
-269800
-269300
-268800
-271800
-274800
-277800
-280800
-279800
-278800
-277800
-276900
-276100
-275600
-275100
-274600
-277600
-276600
-275600
-274600
-273600
-272600
-271600
-270700
-269800
-269000
-268200
-267400
-266600
-265800
-265000
-264200
-263400
-262600
-262100
-261600
-264600
-267600
-266600
-265600
-264700
-263800
-262900
-262100
-261600
-264600
-267600
-270600
-273600
-276600
-279600
-282600
-285600
-288600
-291600
-294600
-293600
-292600
-291700
-290800
-290000
-289200
-288400
-287600
-286800
-286300
-285800
-285300
-284800
-284300
-283800
-283300
-282800
-285800
-288800
-287800
-286800
-285800
-284800
-283800
-282900
-282000
-281200
-280400
-279600
-279100
-278600
-278100
-281100
-284100
-287100
-290100
-293100
-296100
-299100
-302100
-305100
-308100
-307100
-306200
-305300
-304500
-303700
-302900
-302100
-301300
-300500
-300000
-299500
-299000
-298500
-298000
-297500
-300500
-303500
-306500
-309500
-312500
-315500
-314500
-313500
-312500
-311600
-310800
-310000
-309200
-308700
-308200
-307700
-307200
-306700
-309700
-308700
-307700
-306700
-305700
-304700
-303800
-302900
-302100
-301600
-301100
-304100
-307100
-310100
-313100
-316100
-319100
-322100
-325100
-328100
-327100
-326200
-325300
-324400
-323500
-322600
-321700
-320800
-320000
-319200
-318400
-317900
-317400
-320400
-319400
-318400
-317500
-318500
-319500
-320500
-321500
-322500
-323500
-322500
-321500
-320500
-319600
-318800
-318300
-317800
-320800
-323800
-322800
-321800
-320900
-320000
-319100
-318200
-317300
-316400
-315600
-314800
-314000
-313200
-312700
-312200
-315200
-318200
-321200
-324200
-327200
-330200
-333200
-336200
-339200
-342200
-341200
-340300
-339400
-338600
-338100
-341100
-344100
-343100
-342100
-341200
-340400
-339600
-338800
-338000
-337500
-340500
-343500
-342500
-341500
-340500
-339500
-338500
-337500
-336600
-335800
-335300
-338300
-341300
-340300
-339300
-338300
-337300
-336400
-335500
-334700
-334200
-333700
-336700
-339700
-342700
-345700
-344700
-343800
-342900
-342000
-341200
-340400
-339900
-342900
-345900
-348900
-347900
-346900
-345900
-345000
-344100
-343200
-342300
-341500
-340700
-339900
-340900
-341900
-342900
-343900
-344900
-345900
-346900
-347900
-348900
-349900
-350900
-351900
-352900
-353900
-354900
-355900
-356900
-357900
-358900
-359900
-360900
-361900
-362900
-363900
-364900
-363900
-362900
-361900
-361000
-360100
-359200
-358300
-357500
-357000
-356500
-359500
-362500
-365500
-368500
-371500
-370500
-369500
-368500
-367600
-366700
-365800
-364900
-364000
-363100
-362300
-361800
-364800
-367800
-370800
-373800
-376800
-375800
-374800
-373800
-372800
-371900
-371000
-370200
-369400
-368600
-367800
-367000
-366200
-365400
-364600
-364100
-367100
-370100
-369100
-368100
-367100
-366200
-365300
-364500
-363700
-362900
-362100
-361600
-361100
-360600
-360100
-363100
-366100
-369100
-368100
-367100
-366100
-365200
-364300
-363400
-362500
-361600
-360800
-360300
-359800
-359300
-358800
-358300
-361300
-360300
-359300
-358300
-357300
-356300
-355300
-354300
-353300
-352300
-351400
-350500
-349700
-349200
-352200
-355200
-358200
-361200
-360200
-359300
-358400
-357500
-356600
-355800
-355300
-354800
-357800
-356800
-355800
-354800
-353900
-353100
-352600
-355600
-354600
-353700
-352800
-352000
-351200
-350400
-349600
-349100
-348600
-351600
-354600
-357600
-356600
-355600
-354600
-353700
-352800
-352000
-351500
-352500
-353500
-354500
-355500
-356500
-357500
-358500
-359500
-360500
-361500
-362500
-363500
-364500
-365500
-366500
-367500
-368500
-369500
-370500
-371500
-372500
-373500
-372500
-371600
-370700
-369800
-369000
-368500
-368000
-371000
-374000
-377000
-376000
-375100
-374200
-373300
-372400
-371500
-370600
-369700
-368900
-368400
-367900
-370900
-369900
-368900
-367900
-367000
-366100
-365200
-364400
-363600
-362800
-362000
-361500
-361000
-360500
-363500
-366500
-369500
-372500
-375500
-378500
-381500
-384500
-387500
-386500
-385500
-384500
-383500
-382600
-381700
-380800
-379900
-379000
-378200
-377400
-376600
-376100
-375600
-378600
-381600
-380600
-379600
-378600
-377600
-376700
-375800
-374900
-374000
-373100
-372200
-371300
-370500
-369700
-368900
-368400
-367900
-370900
-373900
-376900
-379900
-382900
-385900
-388900
-387900
-387000
-386100
-385300
-384500
-383700
-382900
-382100
-381300
-380500
-379700
-378900
-378400
-381400
-384400
-387400
-390400
-389400
-388400
-387500
-386600
-385700
-384800
-384000
-383500
-383000
-382500
-382000
-381500
-381000
-380500
-380000
-379500
-382500
-385500
-388500
-391500
-390500
-389600
-388700
-387900
-387400
-390400
-393400
-396400
-399400
-402400
-405400
-408400
-407400
-406400
-405400
-404500
-403700
-402900
-402100
-401300
-400800
-400300
-399800
-399300
-398800
-401800
-404800
-403800
-402800
-401800
-400800
-399900
-399000
-398100
-397300
-396500
-395700
-394900
-394100
-393300
-392800
-392300
-391800
-391300
-390800
-393800
-396800
-399800
-402800
-405800
-408800
-411800
-414800
-417800
-420800
-423800
-426800
-429800
-432800
-435800
-438800
-437800
-436900
-436000
-435100
-434200
-433300
-432500
-431700
-430900
-431900
-432900
-433900
-434900
-433900
-432900
-431900
-430900
-429900
-429000
-428100
-427200
-426300
-425500
-424700
-423900
-423400
-426400
-429400
-428400
-427400
-426500
-427500
-428500
-429500
-430500
-431500
-432500
-433500
-434500
-435500
-436500
-437500
-436500
-435600
-434700
-433800
-433000
-432500
-432000
-433000
-434000
-435000
-436000
-437000
-438000
-439000
-440000
-441000
-442000
-441000
-440100
-439300
-438800
-438300
-441300
-444300
-447300
-450300
-453300
-456300
-459300
-458300
-457300
-456300
-455300
-454300
-453300
-452300
-451300
-450400
-449600
-449100
-448600
-448100
-447600
-450600
-453600
-452600
-451600
-450600
-449600
-448600
-447600
-446600
-445700
-444900
-444400
-443900
-446900
-445900
-445000
-444100
-443200
-442300
-441400
-440500
-439700
-438900
-438400
-437900
-440900
-443900
-446900
-445900
-445000
-444200
-443700
-446700
-449700
-448700
-447700
-446700
-445700
-444700
-443700
-442700
-441700
-440800
-440000
-439500
-439000
-442000
-445000
-448000
-451000
-450000
-449000
-448000
-447100
-446300
-445500
-444700
-444200
-443700
-446700
-449700
-448700
-447700
-446800
-445900
-445000
-444200
-443700
-443200
-442700
-445700
-448700
-451700
-454700
-457700
-456700
-455700
-456700
-457700
-458700
-459700
-460700
-461700
-460700
-461700
-462700
-461700
-460800
-459900
-459100
-458300
-457500
-456700
-456200
-459200
-462200
-465200
-468200
-471200
-474200
-473200
-472200
-473200
-474200
-473200
-472200
-471300
-470400
-469500
-468600
-467800
-467000
-466200
-465400
-466400
-465400
-464400
-463400
-462400
-461400
-460400
-459400
-458400
-457500
-456700
-457700
-458700
-459700
-460700
-461700
-462700
-461700
-460700
-459800
-458900
-458100
-457600
-460600
-463600
-466600
-469600
-472600
-475600
-478600
-477600
-476600
-475700
-474900
-474100
-473300
-472500
-471700
-471200
-474200
-477200
-480200
-483200
-486200
-489200
-492200
-495200
-498200
-497200
-496200
-495300
-494500
-493700
-493200
-492700
-492200
-491700
-491200
-494200
-493200
-492300
-491400
-490500
-489600
-488700
-487900
-487100
-486300
-485500
-485000
-484500
-487500
-486500
-485600
-484700
-483800
-484800
-485800
-486800
-487800
-488800
-489800
-490800
-491800
-492800
-491800
-490800
-489900
-489000
-488100
-487200
-486300
-485400
-484600
-483800
-483300
-482800
-482300
-481800
-481300
-480800
-480300
-479800
-479300
-482300
-485300
-488300
-487300
-486300
-485300
-484300
-483300
-482400
-481600
-482600
-483600
-484600
-483600
-482600
-481600
-480700
-479800
-479000
-478200
-477700
-477200
-476700
-476200
-475700
-475200
-474700
-474200
-473700
-476700
-479700
-482700
-485700
-484700
-483700
-482800
-481900
-481100
-480300
-479500
-478700
-478200
-481200
-484200
-487200
-490200
-493200
-496200
-499200
-498200
-497300
-496400
-495600
-495100
-494600
-497600
-500600
-503600
-506600
-509600
-508600
-507700
-506800
-505900
-505000
-504100
-503200
-502400
-501600
-500800
-500000
-499200
-498400
-497600
-497100
-496600
-496100
-495600
-495100
-494600
-494100
-493600
-496600
-499600
-498600
-497600
-496600
-495600
-494700
-493900
-493100
-492600
-495600
-494600
-493700
-492800
-491900
-491100
-492100
-493100
-494100
-495100
-496100
-497100
-498100
-497100
-496200
-495400
-494900
-494400
-493900
-493400
-496400
-499400
-498400
-497500
-496600
-495800
-495300
-494800
-494300
-497300
-500300
-503300
-502300
-501400
-500500
-499700
-498900
-498100
-497300
-496800
-496300
-499300
-502300
-505300
-508300
-507300
-506300
-505400
-504500
-503600
-502800
-502000
-501200
-500400
-499900
-499400
-498900
-498400
-497900
-497400
-496900
-499900
-502900
-505900
-508900
-507900
-506900
-505900
-504900
-505900
-506900
-507900
-508900
-509900
-510900
-511900
-512900
-511900
-510900
-510000
-509200
-508400
-507600
-506800
-506300
-505800
-505300
-504800
-504300
-503800
-506800
-505800
-504900
-504100
-503300
-502500
-501700
-500900
-500100
-499300
-498500
-497700
-496900
-496400
-495900
-498900
-501900
-500900
-500000
-499100
-498200
-497300
-496400
-495500
-494600
-493700
-492800
-492000
-491500
-494500
-493500
-492500
-491500
-490600
-489800
-489300
-488800
-488300
-487800
-490800
-489800
-488800
-487800
-486900
-486000
-485200
-484400
-483900
-486900
-489900
-492900
-495900
-498900
-501900
-500900
-499900
-499000
-498200
-497400
-496600
-495800
-495000
-494200
-493700
-493200
-496200
-499200
-498200
-497300
-496500
-497500
-498500
-497500
-496600
-495800
-495300
-494800
-494300
-493800
-493300
-492800
-492300
-491800
-491300
-490800
-490300
-489800
-489300
-488800
-488300
-487800
-490800
-493800
-496800
-499800
-502800
-505800
-504800
-503900
-503100
-502300
-501500
-501000
-504000
-507000
-506000
-505000
-504000
-503000
-502000
-501100
-500200
-499400
-498600
-497800
-497000
-496200
-495400
-494900
-494400
-493900
-496900
-499900
-502900
-505900
-504900
-504000
-503100
-502200
-501300
-500400
-499500
-498600
-497700
-496800
-496000
-495200
-494700
-497700
-500700
-503700
-506700
-505700
-504700
-503800
-502900
-502100
-501300
-500500
-500000
-499500
-502500
-505500
-508500
-511500
-514500
-517500
-520500
-519500
-518500
-517500
-516600
-515800
-515000
-514200
-513400
-512600
-512100
-511600
-511100
-510600
-510100
-509600
-509100
-508600
-511600
-510600
-511100
-510100
-509200
-508300
-507400
-506600
-505800
-505000
-504200
-503400
-502900
-502400
-505400
-504400
-503400
-502400
-501400
-500400
-499500
-498700
-498200
-497700
-497200
-500200
-503200
-506200
-509200
-512200
-511200
-510300
-509400
-508500
-507700
-506900
-506400
-509400
-512400
-511400
-510400
-509400
-508400
-507500
-506600
-505700
-504900
-504100
-503300
-502800
-502300
-505300
-508300
-511300
-514300
-517300
-520300
-523300
-522300
-521300
-520300
-519400
-518600
-517800
-517000
-516500
-519500
-522500
-521500
-520500
-519500
-518500
-517600
-516700
-515800
-514900
-514100
-513300
-512500
-511700
-511200
-510700
-510200
-509700
-509200
-508700
-508200
-511200
-514200
-517200
-520200
-523200
-522200
-521200
-520300
-519400
-518500
-517600
-516700
-515800
-514900
-514000
-513100
-512200
-511400
-510600
-509800
-509000
-508200
-507400
-506600
-505800
-505000
-504500
-507500
-510500
-513500
-516500
-515500
-514500
-513500
-512500
-511500
-510500
-509600
-510600
-511600
-510600
-509600
-508600
-507600
-506600
-505600
-504700
-503800
-503000
-502200
-501400
-500600
-500100
-501100
-502100
-503100
-504100
-505100
-506100
-507100
-508100
-509100
-510100
-511100
-512100
-511100
-510100
-509200
-508400
-507600
-506800
-506300
-505800
-505300
-504800
-504300
-503800
-503300
-502800
-502300
-501800
-501300
-500800
-500300
-499800
-499300
-498800
-498300
-501300
-504300
-507300
-510300
-513300
-516300
-519300
-522300
-525300
-524300
-523300
-522300
-521300
-520300
-519400
-518500
-517600
-516800
-516000
-515200
-514700
-514200
-513700
-513200
-512700
-512200
-515200
-518200
-517200
-516200
-515200
-514200
-513300
-512500
-511700
-511200
-514200
-513200
-512200
-511200
-510200
-509200
-508200
-507200
-506200
-505200
-504200
-503300
-502400
-501500
-500700
-499900
-499100
-498300
-497500
-497000
-496500
-499500
-502500
-505500
-508500
-507500
-506600
-505700
-504900
-504400
-503900
-506900
-509900
-512900
-511900
-511000
-510100
-509200
-508400
-507900
-507400
-506900
-506400
-505900
-508900
-511900
-514900
-517900
-516900
-515900
-514900
-513900
-512900
-512000
-511200
-510400
-509600
-508800
-508000
-507200
-506700
-506200
-505700
-505200
-504700
-507700
-510700
-513700
-516700
-515700
-514700
-513800
-513000
-512200
-511700
-511200
-510700
-513700
-512700
-511700
-510700
-509800
-509000
-508200
-507700
-510700
-509700
-508800
-507900
-507000
-506100
-505300
-504800
-507800
-510800
-513800
-512800
-511900
-511000
-510100
-509300
-508800
-508300
-507800
-510800
-513800
-512800
-511800
-510800
-509900
-509100
-508300
-507500
-506700
-505900
-505400
-508400
-507400
-506400
-505500
-504600
-503700
-502800
-501900
-501000
-500100
-499200
-498400
-497900
-497400
-496900
-499900
-502900
-501900
-500900
-500000
-499200
-498400
-497600
-496800
-496000
-495500
-495000
-498000
-501000
-500000
-499000
-498000
-497000
-496000
-495100
-494200
-493400
-492900
-495900
-498900
-501900
-500900
-499900
-498900
-497900
-496900
-495900
-494900
-493900
-492900
-491900
-490900
-489900
-488900
-487900
-487000
-486200
-485400
-484600
-484100
-487100
-486100
-485100
-484100
-485100
-486100
-487100
-488100
-489100
-490100
-491100
-492100
-493100
-494100
-493100
-492100
-491100
-490100
-489200
-488300
-487500
-487000
-486500
-486000
-485500
-488500
-487500
-486500
-485600
-484700
-483800
-482900
-482000
-481100
-480200
-479300
-478500
-479500
-480500
-481500
-482500
-483500
-484500
-485500
-486500
-487500
-488500
-489500
-490500
-491500
-492500
-493500
-494500
-495500
-496500
-497500
-496500
-495500
-494500
-493600
-492800
-492300
-495300
-498300
-501300
-504300
-507300
-506300
-505300
-504300
-503300
-502300
-501400
-500500
-499600
-498800
-498300
-501300
-504300
-507300
-510300
-509300
-508300
-509300
-510300
-511300
-512300
-513300
-514300
-515300
-516300
-517300
-516300
-515300
-514300
-513400
-512500
-511700
-510900
-510100
-509600
-509100
-512100
-515100
-518100
-521100
-524100
-527100
-530100
-533100
-536100
-535100
-534200
-533300
-532500
-532000
-531500
-531000
-530500
-533500
-536500
-539500
-542500
-541500
-540500
-539500
-538500
-537500
-536500
-535500
-534600
-533700
-532800
-531900
-531000
-530100
-529200
-528400
-527600
-527100
-526600
-526100
-529100
-532100
-535100
-538100
-537100
-536200
-535300
-534500
-533700
-532900
-532400
-531900
-531400
-530900
-533900
-536900
-539900
